00.00 1
00.01 28
00.02 52
00.03 92
00.04 149
00.05 214
00.06 327
00.07 470
00.08 549
00.09 723
00.10 894
00.11 1032
00.12 1177
00.13 1435
00.14 1634
00.15 1829
00.16 2091
00.17 2431
00.18 2744
00.19 2927
00.20 3176
00.21 3564
00.22 3835
00.23 4153
00.24 4633
00.25 5013
00.26 5422
00.27 5830
00.28 6189
00.29 6720
00.30 7018
00.31 7604
00.32 8097
00.33 8525
00.34 9171
00.35 9657
00.36 10048
00.37 10584
00.38 11131
00.39 11998
00.40 12349
00.41 13249
00.42 13749
00.43 14171
00.44 15266
00.45 15662
00.46 16455
00.47 16958
00.48 18038
00.49 18419
00.50 19450
00.51 20227
00.52 20668
00.53 21474
00.54 22378
00.55 22790
00.56 24142
00.57 24764
00.58 25804
00.59 26683
00.60 27168
00.61 28261
00.62 29345
00.63 30340
00.64 31705
00.65 31815
00.66 33053
00.67 34050
00.68 35010
00.69 36017
00.70 37252
00.71 37973
00.72 38835
00.73 40141
00.74 41203
00.75 42421
00.76 43490
00.77 44336
00.78 45531
00.79 46963
00.80 47876
00.81 48948
00.82 50295
00.83 51661
00.84 52818
00.85 53830
00.86 55139
00.87 56354
00.88 57543
00.89 58820
00.90 60063
00.91 61095
00.92 62681
00.93 63795
00.94 64989
00.95 66768
00.96 68550
00.97 69222
00.98 70727
00.99 71917
01.00 73736
01.01 74511
01.02 76649
01.03 77374
01.04 79138
01.05 80534
01.06 81808
01.07 83598
01.08 85422
01.09 86742
01.10 87997
01.11 90264
01.12 91508
01.13 92684
01.14 93692
01.15 95995
01.16 97664
01.17 99570
01.18 100216
01.19 102432
01.20 104208
01.21 105266
01.22 107577
01.23 109151
01.24 109853
01.25 112078
01.26 113931
01.27 115544
01.28 117808
01.29 120081
01.30 121178
01.31 123255
01.32 125200
01.33 126127
01.34 128217
01.35 131047
01.36 131744
01.37 134387
01.38 134944
01.39 137525
01.40 139345
01.41 141466
01.42 143332
01.43 145233
01.44 147524
01.45 149320
01.46 150939
01.47 152138
01.48 153259
01.49 156384
01.50 157744
01.51 160139
01.52 162665
01.53 164636
01.54 166475
01.55 167860
01.56 170422
01.57 172404
01.58 174465
01.59 177286
01.60 179872
01.61 181277
01.62 183196
01.63 186162
01.64 187160
01.65 189516
01.66 192342
01.67 193467
01.68 196255
01.69 197295
01.70 201030
01.71 202898
01.72 205731
01.73 205882
01.74 209154
01.75 211148
01.76 213911
01.77 216383
01.78 218017
01.79 220266
01.80 222392
01.81 224584
01.82 227718
01.83 229785
01.84 231780
01.85 234407
01.86 236241
01.87 239506
01.88 241781
01.89 243622
01.90 246636
01.91 248623
01.92 250620
01.93 253740
01.94 256603
01.95 258379
01.96 260858
01.97 263703
01.98 264963
01.99 268318
02.00 270670
02.01 272551
02.02 275748
02.03 278276
02.04 280705
02.05 282545
02.06 285311
02.07 287280
02.08 291256
02.09 294070
02.10 294577
02.11 298383
02.12 301298
02.13 303802
02.14 306393
02.15 307892
02.16 311260
02.17 314422
02.18 317466
02.19 318794
02.20 323313
02.21 324391
02.22 327350
02.23 330144
02.24 332806
02.25 335079
02.26 337546
02.27 340854
02.28 344605
02.29 346065
02.30 348495
02.31 351978
02.32 354241
02.33 357873
02.34 359455
02.35 362381
02.36 366696
02.37 369392
02.38 371197
02.39 373660
02.40 377536
02.41 381016
02.42 382022
02.43 386959
02.44 388061
02.45 391660
02.46 395234
02.47 396772
02.48 400246
02.49 402855
02.50 406121
02.51 408923
02.52 411444
02.53 414744
02.54 416778
02.55 421201
02.56 423229
02.57 426177
02.58 427782
02.59 432962
02.60 434511
02.61 438601
02.62 441829
02.63 444538
02.64 447240
02.65 449912
02.66 454481
02.67 456498
02.68 459327
02.69 462730
02.70 465283
02.71 469007
02.72 472295
02.73 474877
02.74 477622
02.75 481759
02.76 483010
02.77 487896
02.78 489900
02.79 493730
02.80 494565
02.81 498560
02.82 502266
02.83 506240
02.84 507757
02.85 512487
02.86 515073
02.87 518493
02.88 521556
02.89 525446
02.90 528631
02.91 531059
02.92 534819
02.93 539104
02.94 540542
02.95 543847
02.96 548282
02.97 551687
02.98 554731
02.99 557896
03.00 559747
03.01 563895
03.02 567330
03.03 569990
03.04 574282
03.05 577039
03.06 581418
03.07 583963
03.08 586382
03.09 588899
03.10 592992
03.11 594788
03.12 599946
03.13 603183
03.14 606479
03.15 611257
03.16 614447
03.17 616888
03.18 621108
03.19 623177
03.20 625446
03.21 631024
03.22 632187
03.23 637231
03.24 640159
03.25 643471
03.26 645655
03.27 650510
03.28 655038
03.29 657282
03.30 661446
03.31 664146
03.32 666684
03.33 671738
03.34 674967
03.35 678672
03.36 681627
03.37 684373
03.38 687463
03.39 691883
03.40 694846
03.41 699793
03.42 703100
03.43 706327
03.44 708793
03.45 713955
03.46 715860
03.47 720164
03.48 725591
03.49 726230
03.50 728215
03.51 733413
03.52 736797
03.53 741683
03.54 745254
03.55 748164
03.56 752077
03.57 754854
03.58 760727
03.59 763137
03.60 766187
03.61 770300
03.62 775203
03.63 776546
03.64 779923
03.65 784984
03.66 788479
03.67 791314
03.68 795654
03.69 800498
03.70 801314
03.71 806918
03.72 811329
03.73 813478
03.74 819327
03.75 819846
03.76 823253
03.77 828914
03.78 831208
03.79 835727
03.80 841009
03.81 842511
03.82 847787
03.83 851159
03.84 854986
03.85 857661
03.86 861654
03.87 864459
03.88 869331
03.89 873349
03.90 876864
03.91 880928
03.92 884289
03.93 885875
03.94 892857
03.95 893624
03.96 899516
03.97 901343
03.98 907484
03.99 909064
04.00 914042
04.01 917004
04.02 922565
04.03 925751
04.04 928716
04.05 933978
04.06 938775
04.07 939740
04.08 944463
04.09 947810
04.10 950830
04.11 956570
04.12 961442
04.13 963370
04.14 968105
04.15 971732
04.16 975706
04.17 979859
04.18 979967
04.19 985443
04.20 989714
04.21 993556
04.22 998313
04.23 1002585
04.24 1005723
04.25 1009311
04.26 1013439
04.27 1017477
04.28 1021605
04.29 1024060
04.30 1030210
04.31 1033623
04.32 1036258
04.33 1040742
04.34 1043258
04.35 1046719
04.36 1051088
04.37 1055959
04.38 1061043
04.39 1065477
04.40 1065645
04.41 1073624
04.42 1074961
04.43 1079988
04.44 1084027
04.45 1086792
04.46 1090283
04.47 1096443
04.48 1098858
04.49 1103423
04.50 1106644
04.51 1109753
04.52 1114039
04.53 1119603
04.54 1123460
04.55 1130247
04.56 1130449
04.57 1133039
04.58 1140228
04.59 1141707
04.60 1145080
04.61 1149208
04.62 1154034
04.63 1159742
04.64 1162323
04.65 1165291
04.66 1169530
04.67 1174724
04.68 1180380
04.69 1181803
04.70 1185431
04.71 1190829
04.72 1194601
04.73 1197414
04.74 1202148
04.75 1205805
04.76 1209737
04.77 1214916
04.78 1217049
04.79 1222044
04.80 1227049
04.81 1229801
04.82 1232353
04.83 1238314
04.84 1241869
04.85 1245106
04.86 1251251
04.87 1254161
04.88 1257064
04.89 1262420
04.90 1266043
04.91 1269623
04.92 1274238
04.93 1275764
04.94 1280945
04.95 1286029
04.96 1290478
04.97 1293324
04.98 1298114
04.99 1303043
05.00 1304054
05.01 1309377
05.02 1312922
05.03 1318107
05.04 1322171
05.05 1327084
05.06 1330040
05.07 1334487
05.08 1339257
05.09 1344317
05.10 1347199
05.11 1350011
05.12 1355952
05.13 1358785
05.14 1363208
05.15 1367797
05.16 1371180
05.17 1374652
05.18 1377706
05.19 1382998
05.20 1387876
05.21 1391047
05.22 1396291
05.23 1401471
05.24 1405609
05.25 1407468
05.26 1414220
05.27 1417917
05.28 1420268
05.29 1423642
05.30 1428610
05.31 1433281
05.32 1435756
05.33 1440946
05.34 1443107
05.35 1448181
05.36 1451841
05.37 1457034
05.38 1460866
05.39 1464488
05.40 1466688
05.41 1476242
05.42 1478203
05.43 1481094
05.44 1485508
05.45 1489374
05.46 1492542
05.47 1499495
05.48 1501649
05.49 1506597
05.50 1510187
05.51 1514262
05.52 1519182
05.53 1520920
05.54 1527878
05.55 1532284
05.56 1532332
05.57 1537658
05.58 1542543
05.59 1546456
05.60 1549518
05.61 1556447
05.62 1558985
05.63 1562854
05.64 1568722
05.65 1572062
05.66 1577420
05.67 1578234
05.68 1584197
05.69 1587180
05.70 1591982
05.71 1597845
05.72 1598518
05.73 1606102
05.74 1610225
05.75 1614560
05.76 1617054
05.77 1623568
05.78 1623983
05.79 1629152
05.80 1632678
05.81 1640095
05.82 1639141
05.83 1645912
05.84 1650952
05.85 1653020
05.86 1659049
05.87 1663215
05.88 1664325
05.89 1671056
05.90 1675197
05.91 1678047
05.92 1683845
05.93 1685448
05.94 1692333
05.95 1694491
05.96 1698554
05.97 1701681
05.98 1707463
05.99 1712679
06.00 1715197
06.01 1720883
06.02 1724885
06.03 1727849
06.04 1733156
06.05 1737914
06.06 1740043
06.07 1742976
06.08 1746763
06.09 1750771
06.10 1754892
06.11 1761106
06.12 1764177
06.13 1767930
06.14 1771437
06.15 1776226
06.16 1779568
06.17 1782726
06.18 1788438
06.19 1792002
06.20 1797237
06.21 1802751
06.22 1804605
06.23 1810374
06.24 1814067
06.25 1817213
06.26 1821863
06.27 1824462
06.28 1830371
06.29 1834962
06.30 1837102
06.31 1843980
06.32 1844504
06.33 1850626
06.34 1854518
06.35 1856984
06.36 1859219
06.37 1864419
06.38 1870438
06.39 1872457
06.40 1879234
06.41 1884580
06.42 1886308
06.43 1890057
06.44 1895135
06.45 1899950
06.46 1902482
06.47 1907020
06.48 1909596
06.49 1913275
06.50 1919895
06.51 1922440
06.52 1925552
06.53 1930319
06.54 1936584
06.55 1936811
06.56 1941981
06.57 1948843
06.58 1950086
06.59 1955300
06.60 1959523
06.61 1964734
06.62 1965345
06.63 1970261
06.64 1976105
06.65 1981537
06.66 1980245
06.67 1986470
06.68 1989970
06.69 1997220
06.70 2000610
06.71 2004340
06.72 2004428
06.73 2014355
06.74 2016715
06.75 2017513
06.76 2025241
06.77 2025396
06.78 2031062
06.79 2034818
06.80 2038335
06.81 2044112
06.82 2048889
06.83 2052078
06.84 2056006
06.85 2061456
06.86 2064238
06.87 2065655
06.88 2071753
06.89 2074979
06.90 2080644
06.91 2084807
06.92 2085086
06.93 2088932
06.94 2095554
06.95 2098702
06.96 2103660
06.97 2108234
06.98 2114368
06.99 2114262
07.00 2118075
07.01 2124801
07.02 2128477
07.03 2130980
07.04 2138278
07.05 2138830
07.06 2140928
07.07 2147109
07.08 2149682
07.09 2153927
07.10 2159567
07.11 2165481
07.12 2166914
07.13 2172426
07.14 2173885
07.15 2178980
07.16 2183900
07.17 2186505
07.18 2191822
07.19 2192078
07.20 2197672
07.21 2203321
07.22 2205621
07.23 2209406
07.24 2213097
07.25 2217487
07.26 2219623
07.27 2225885
07.28 2229594
07.29 2235092
07.30 2237276
07.31 2242572
07.32 2244514
07.33 2248617
07.34 2252175
07.35 2254400
07.36 2259495
07.37 2264736
07.38 2267939
07.39 2273803
07.40 2276403
07.41 2282163
07.42 2281091
07.43 2288084
07.44 2291920
07.45 2295730
07.46 2300442
07.47 2302356
07.48 2306753
07.49 2310356
07.50 2315002
07.51 2318940
07.52 2320074
07.53 2327878
07.54 2328900
07.55 2335842
07.56 2333265
07.57 2340706
07.58 2343588
07.59 2345725
07.60 2352119
07.61 2357753
07.62 2360112
07.63 2363655
07.64 2369830
07.65 2368720
07.66 2376913
07.67 2378130
07.68 2383187
07.69 2389182
07.70 2392113
07.71 2394252
07.72 2399627
07.73 2399502
07.74 2405345
07.75 2408298
07.76 2413467
07.77 2412722
07.78 2421040
07.79 2424853
07.80 2429021
07.81 2428758
07.82 2433455
07.83 2439028
07.84 2442656
07.85 2446618
07.86 2449270
07.87 2451945
07.88 2454449
07.89 2461397
07.90 2464167
07.91 2468880
07.92 2471475
07.93 2477872
07.94 2481063
07.95 2482157
07.96 2486075
07.97 2488566
07.98 2492348
07.99 2497629
08.00 2498484
08.01 2502934
08.02 2510372
08.03 2514352
08.04 2514758
08.05 2518724
08.06 2523501
08.07 2523970
08.08 2529664
08.09 2530864
08.10 2537532
08.11 2541957
08.12 2544726
08.13 2546138
08.14 2551454
08.15 2556229
08.16 2558230
08.17 2563782
08.18 2565623
08.19 2569983
08.20 2575096
08.21 2575743
08.22 2579918
08.23 2583376
08.24 2586795
08.25 2589073
08.26 2594264
08.27 2595668
08.28 2601545
08.29 2606053
08.30 2608137
08.31 2610985
08.32 2618574
08.33 2616011
08.34 2620708
08.35 2626978
08.36 2631245
08.37 2631749
08.38 2635735
08.39 2636586
08.40 2641095
08.41 2648249
08.42 2651015
08.43 2655490
08.44 2655410
08.45 2661255
08.46 2665866
08.47 2666894
08.48 2673133
08.49 2676600
08.50 2679576
08.51 2681788
08.52 2683662
08.53 2689937
08.54 2693025
08.55 2695096
08.56 2699436
08.57 2702702
08.58 2706859
08.59 2709047
08.60 2712697
08.61 2713760
08.62 2717410
08.63 2722380
08.64 2724764
08.65 2730270
08.66 2734227
08.67 2738010
08.68 2739824
08.69 2740591
08.70 2745285
08.71 2753668
08.72 2751541
08.73 2755826
08.74 2761743
08.75 2764129
08.76 2768259
08.77 2769886
08.78 2772269
08.79 2775757
08.80 2782120
08.81 2781283
08.82 2786950
08.83 2787400
08.84 2791163
08.85 2792262
08.86 2801007
08.87 2802939
08.88 2806733
08.89 2808603
08.90 2813311
08.91 2816243
08.92 2817214
08.93 2821324
08.94 2825622
08.95 2829486
08.96 2833813
08.97 2835690
08.98 2837954
08.99 2843627
09.00 2846150
09.01 2847899
09.02 2852250
09.03 2852878
09.04 2858982
09.05 2861423
09.06 2863539
09.07 2869895
09.08 2868830
09.09 2874831
09.10 2878178
09.11 2880156
09.12 2884704
09.13 2887255
09.14 2889504
09.15 2889526
09.16 2895087
09.17 2896413
09.18 2899294
09.19 2902514
09.20 2908256
09.21 2912641
09.22 2913136
09.23 2913747
09.24 2921031
09.25 2923227
09.26 2927777
09.27 2927614
09.28 2935345
09.29 2935887
09.30 2940778
09.31 2941624
09.32 2945636
09.33 2946680
09.34 2953273
09.35 2955410
09.36 2953322
09.37 2958030
09.38 2961962
09.39 2964150
09.40 2971137
09.41 2970605
09.42 2973692
09.43 2974846
09.44 2981680
09.45 2981991
09.46 2988265
09.47 2988731
09.48 2991318
09.49 2997231
09.50 2996518
09.51 2998781
09.52 3004108
09.53 3003847
09.54 3009258
09.55 3013105
09.56 3016478
09.57 3018753
09.58 3019146
09.59 3026006
09.60 3023700
09.61 3026244
09.62 3034738
09.63 3038460
09.64 3038734
09.65 3042438
09.66 3044085
09.67 3045031
09.68 3049371
09.69 3054986
09.70 3056329
09.71 3056356
09.72 3061213
09.73 3062885
09.74 3066196
09.75 3069077
09.76 3073181
09.77 3073766
09.78 3076773
09.79 3081569
09.80 3085161
09.81 3082589
09.82 3086917
09.83 3090284
09.84 3094649
09.85 3094722
09.86 3100985
09.87 3101757
09.88 3105419
09.89 3105582
09.90 3110575
09.91 3116962
09.92 3115244
09.93 3119525
09.94 3124801
09.95 3121553
09.96 3126032
09.97 3129237
09.98 3131237
09.99 3133728
10.00 3139486
10.01 3139513
10.02 3144922
10.03 3146583
10.04 3147246
10.05 3152599
10.06 3152865
10.07 3157217
10.08 3158063
10.09 3163541
10.10 3161736
10.11 3163641
10.12 3167570
10.13 3171163
10.14 3173078
10.15 3176798
10.16 3177406
10.17 3182287
10.18 3186353
10.19 3187213
10.20 3191187
10.21 3191998
10.22 3193496
10.23 3197674
10.24 3199965
10.25 3200324
10.26 3207499
10.27 3207275
10.28 3206863
10.29 3211163
10.30 3215243
10.31 3217497
10.32 3218237
10.33 3220595
10.34 3225905
10.35 3224616
10.36 3227129
10.37 3233147
10.38 3235796
10.39 3239328
10.40 3237444
10.41 3241705
10.42 3243431
10.43 3245590
10.44 3248290
10.45 3247426
10.46 3252624
10.47 3254674
10.48 3254195
10.49 3259707
10.50 3261767
10.51 3261959
10.52 3268895
10.53 3268153
10.54 3269738
10.55 3276499
10.56 3276290
10.57 3275309
10.58 3280393
10.59 3284501
10.60 3283833
10.61 3286747
10.62 3290053
10.63 3287686
10.64 3296018
10.65 3296552
10.66 3301125
10.67 3297801
10.68 3301472
10.69 3303910
10.70 3306031
10.71 3309332
10.72 3312427
10.73 3311157
10.74 3313258
10.75 3320291
10.76 3322965
10.77 3323600
10.78 3322064
10.79 3324373
10.80 3327342
10.81 3330646
10.82 3333257
10.83 3335812
10.84 3337632
10.85 3340083
10.86 3340423
10.87 3345080
10.88 3345565
10.89 3351454
10.90 3352716
10.91 3353582
10.92 3348597
10.93 3355122
10.94 3357886
10.95 3359632
10.96 3363072
10.97 3361909
10.98 3368975
10.99 3371145
11.00 3372522
11.01 3368997
11.02 3376277
11.03 3377820
11.04 3377095
11.05 3382087
11.06 3379976
11.07 3386939
11.08 3386853
11.09 3389255
11.10 3391119
11.11 3393232
11.12 3396988
11.13 3394925
11.14 3395900
11.15 3395778
11.16 3402578
11.17 3404471
11.18 3407923
11.19 3406815
11.20 3408135
11.21 3410503
11.22 3415355
11.23 3414860
11.24 3416610
11.25 3415997
11.26 3420004
11.27 3422563
11.28 3421496
11.29 3425650
11.30 3425816
11.31 3426766
11.32 3432332
11.33 3431887
11.34 3434651
11.35 3434436
11.36 3436242
11.37 3437353
11.38 3439688
11.39 3447213
11.40 3443305
11.41 3445151
11.42 3447044
11.43 3449611
11.44 3452058
11.45 3454105
11.46 3455471
11.47 3453136
11.48 3455793
11.49 3459841
11.50 3460989
11.51 3464786
11.52 3467294
11.53 3464155
11.54 3467323
11.55 3467980
11.56 3471712
11.57 3473850
11.58 3474115
11.59 3475419
11.60 3479918
11.61 3477887
11.62 3480110
11.63 3483375
11.64 3480918
11.65 3486568
11.66 3489211
11.67 3489962
11.68 3489803
11.69 3492871
11.70 3494298
11.71 3493425
11.72 3491555
11.73 3494765
11.74 3498115
11.75 3500182
11.76 3505278
11.77 3507051
11.78 3502944
11.79 3506525
11.80 3506694
11.81 3507915
11.82 3512531
11.83 3511743
11.84 3512081
11.85 3513486
11.86 3512161
11.87 3514714
11.88 3514493
11.89 3522739
11.90 3523620
11.91 3523386
11.92 3524085
11.93 3522862
11.94 3523208
11.95 3526284
11.96 3525090
11.97 3528339
11.98 3530627
11.99 3529167
12.00 3531930
12.01 3534002
12.02 3537896
12.03 3537270
12.04 3536123
12.05 3537871
12.06 3538645
12.07 3541294
12.08 3545588
12.09 3548196
12.10 3547145
12.11 3546197
12.12 3548605
12.13 3547602
12.14 3546116
12.15 3550302
12.16 3550789
12.17 3556753
12.18 3552247
12.19 3553734
12.20 3559659
12.21 3557256
12.22 3560201
12.23 3560455
12.24 3562847
12.25 3560755
12.26 3561214
12.27 3560872
12.28 3564172
12.29 3561427
12.30 3569986
12.31 3567335
12.32 3569365
12.33 3569943
12.34 3569146
12.35 3569769
12.36 3572003
12.37 3576565
12.38 3574027
12.39 3574678
12.40 3577117
12.41 3578892
12.42 3576798
12.43 3577852
12.44 3580139
12.45 3579429
12.46 3582777
12.47 3581887
12.48 3583884
12.49 3584022
12.50 3585595
12.51 3586709
12.52 3586154
12.53 3587012
12.54 3589797
12.55 3588218
12.56 3587440
12.57 3593147
12.58 3590770
12.59 3593530
12.60 3595492
12.61 3594609
12.62 3593548
12.63 3599407
12.64 3601685
12.65 3595113
12.66 3600682
12.67 3595840
12.68 3599181
12.69 3595920
12.70 3600823
12.71 3603413
12.72 3600925
12.73 3602910
12.74 3595352
12.75 3602257
12.76 3608469
12.77 3607830
12.78 3604239
12.79 3607215
12.80 3603692
12.81 3606578
12.82 3606635
12.83 3609267
12.84 3609072
12.85 3607410
12.86 3605137
12.87 3610231
12.88 3611519
12.89 3612611
12.90 3610631
12.91 3611409
12.92 3614621
12.93 3611608
12.94 3614460
12.95 3616915
12.96 3617528
12.97 3611968
12.98 3616831
12.99 3612691
13.00 3616693
13.01 3617868
13.02 3620699
13.03 3618615
13.04 3615720
13.05 3621115
13.06 3621486
13.07 3618326
13.08 3616818
13.09 3619754
13.10 3623020
13.11 3619560
13.12 3619267
13.13 3623651
13.14 3621855
13.15 3622871
13.16 3623233
13.17 3624934
13.18 3619882
13.19 3623970
13.20 3621535
13.21 3624329
13.22 3625559
13.23 3622406
13.24 3623613
13.25 3625845
13.26 3623844
13.27 3625648
13.28 3625564
13.29 3625323
13.30 3623916
13.31 3627081
13.32 3627012
13.33 3625124
13.34 3624004
13.35 3627570
13.36 3622300
13.37 3623985
13.38 3626996
13.39 3624361
13.40 3625681
13.41 3628148
13.42 3625198
13.43 3630540
13.44 3625190
13.45 3626263
13.46 3629693
13.47 3626777
13.48 3626340
13.49 3629807
13.50 3626494
13.51 3626375
13.52 3626065
13.53 3626544
13.54 3631771
13.55 3629752
13.56 3624788
13.57 3627710
13.58 3627522
13.59 3628423
13.60 3626535
13.61 3623385
13.62 3623922
13.63 3623966
13.64 3626404
13.65 3624053
13.66 3627476
13.67 3626802
13.68 3626233
13.69 3624064
13.70 3628433
13.71 3622993
13.72 3622051
13.73 3626312
13.74 3625771
13.75 3623479
13.76 3622362
13.77 3629031
13.78 3622220
13.79 3624928
13.80 3626790
13.81 3624189
13.82 3626377
13.83 3623103
13.84 3619654
13.85 3622207
13.86 3621574
13.87 3621140
13.88 3621216
13.89 3621162
13.90 3617931
13.91 3618139
13.92 3617239
13.93 3620635
13.94 3619883
13.95 3618394
13.96 3617445
13.97 3615482
13.98 3615573
13.99 3614054
14.00 3615764
14.01 3614317
14.02 3612585
14.03 3617017
14.04 3611759
14.05 3616966
14.06 3613014
14.07 3612576
14.08 3613264
14.09 3608586
14.10 3612326
14.11 3613570
14.12 3609296
14.13 3609879
14.14 3607220
14.15 3611988
14.16 3607522
14.17 3603941
14.18 3608177
14.19 3607671
14.20 3605472
14.21 3601530
14.22 3606660
14.23 3603859
14.24 3600124
14.25 3602884
14.26 3599280
14.27 3601783
14.28 3599325
14.29 3600289
14.30 3597175
14.31 3596939
14.32 3598971
14.33 3595980
14.34 3598003
14.35 3594599
14.36 3591693
14.37 3593957
14.38 3595093
14.39 3589223
14.40 3589297
14.41 3588947
14.42 3589129
14.43 3589169
14.44 3589141
14.45 3588783
14.46 3584949
14.47 3586894
14.48 3582478
14.49 3589296
14.50 3584266
14.51 3580921
14.52 3581006
14.53 3581446
14.54 3582122
14.55 3579611
14.56 3578606
14.57 3574054
14.58 3573105
14.59 3573216
14.60 3575753
14.61 3576465
14.62 3574414
14.63 3570653
14.64 3568808
14.65 3568652
14.66 3564627
14.67 3567890
14.68 3567470
14.69 3565720
14.70 3567540
14.71 3561409
14.72 3564378
14.73 3563865
14.74 3559357
14.75 3559038
14.76 3557273
14.77 3560299
14.78 3555488
14.79 3554718
14.80 3554571
14.81 3549643
14.82 3551920
14.83 3548287
14.84 3547593
14.85 3549300
14.86 3545146
14.87 3546092
14.88 3544776
14.89 3543401
14.90 3539300
14.91 3540723
14.92 3540969
14.93 3539172
14.94 3532771
14.95 3537509
14.96 3531480
14.97 3530133
14.98 3532782
14.99 3530263
15.00 3525639
15.01 3522616
15.02 3524446
15.03 3523052
15.04 3522952
15.05 3519358
15.06 3518448
15.07 3521183
15.08 3520160
15.09 3516903
15.10 3517842
15.11 3514917
15.12 3513125
15.13 3513525
15.14 3509648
15.15 3507586
15.16 3506796
15.17 3508759
15.18 3500714
15.19 3501627
15.20 3500318
15.21 3498912
15.22 3497603
15.23 3495279
15.24 3493183
15.25 3492179
15.26 3488058
15.27 3486961
15.28 3487841
15.29 3486397
15.30 3486280
15.31 3483621
15.32 3482989
15.33 3481114
15.34 3479624
15.35 3480576
15.36 3475601
15.37 3474604
15.38 3472522
15.39 3468590
15.40 3467904
15.41 3465448
15.42 3462704
15.43 3465416
15.44 3463024
15.45 3459937
15.46 3461021
15.47 3457151
15.48 3455118
15.49 3453681
15.50 3451037
15.51 3449972
15.52 3446599
15.53 3445301
15.54 3444385
15.55 3443582
15.56 3438299
15.57 3437519
15.58 3435222
15.59 3438484
15.60 3431945
15.61 3433117
15.62 3431803
15.63 3425913
15.64 3426829
15.65 3423959
15.66 3418153
15.67 3420091
15.68 3416627
15.69 3415076
15.70 3414408
15.71 3411764
15.72 3411600
15.73 3411712
15.74 3403742
15.75 3407368
15.76 3401340
15.77 3402879
15.78 3396401
15.79 3398094
15.80 3396924
15.81 3395746
15.82 3392856
15.83 3391247
15.84 3385321
15.85 3383006
15.86 3382136
15.87 3381673
15.88 3377824
15.89 3373606
15.90 3375746
15.91 3371134
15.92 3368166
15.93 3365409
15.94 3365303
15.95 3362957
15.96 3360227
15.97 3356954
15.98 3357124
15.99 3352728
16.00 3353840
16.01 3347910
16.02 3349288
16.03 3346299
16.04 3345864
16.05 3343279
16.06 3337403
16.07 3336621
16.08 3332950
16.09 3332452
16.10 3332984
16.11 3326386
16.12 3323176
16.13 3325509
16.14 3321779
16.15 3318832
16.16 3316054
16.17 3313232
16.18 3313581
16.19 3307785
16.20 3307099
16.21 3306522
16.22 3301492
16.23 3297075
16.24 3296268
16.25 3295767
16.26 3292034
16.27 3288018
16.28 3287046
16.29 3284579
16.30 3282442
16.31 3278049
16.32 3277743
16.33 3276301
16.34 3274102
16.35 3271287
16.36 3272080
16.37 3265175
16.38 3261601
16.39 3258634
16.40 3257299
16.41 3257050
16.42 3252211
16.43 3251452
16.44 3245768
16.45 3244976
16.46 3243780
16.47 3239263
16.48 3238551
16.49 3232132
16.50 3231289
16.51 3225316
16.52 3229876
16.53 3219383
16.54 3220128
16.55 3216145
16.56 3215626
16.57 3211219
16.58 3209070
16.59 3207721
16.60 3205494
16.61 3205192
16.62 3199469
16.63 3197156
16.64 3194118
16.65 3193599
16.66 3190836
16.67 3185948
16.68 3181063
16.69 3179314
16.70 3175654
16.71 3172072
16.72 3171869
16.73 3171302
16.74 3163139
16.75 3162944
16.76 3160240
16.77 3158166
16.78 3153150
16.79 3149296
16.80 3145246
16.81 3145627
16.82 3140518
16.83 3139619
16.84 3138957
16.85 3132792
16.86 3130672
16.87 3125382
16.88 3125224
16.89 3126675
16.90 3121821
16.91 3114502
16.92 3112525
16.93 3107874
16.94 3105877
16.95 3103975
16.96 3101194
16.97 3095408
16.98 3092044
16.99 3091463
17.00 3090077
17.01 3087327
17.02 3081316
17.03 3076148
17.04 3073714
17.05 3072529
17.06 3065759
17.07 3066581
17.08 3063670
17.09 3062551
17.10 3058814
17.11 3052890
17.12 3051576
17.13 3048452
17.14 3046972
17.15 3041492
17.16 3039916
17.17 3035146
17.18 3029684
17.19 3029725
17.20 3023778
17.21 3024257
17.22 3020109
17.23 3014063
17.24 3013688
17.25 3004422
17.26 3007540
17.27 3003470
17.28 2997037
17.29 2998733
17.30 2990545
17.31 2989312
17.32 2987247
17.33 2982879
17.34 2979585
17.35 2975424
17.36 2974238
17.37 2967905
17.38 2965222
17.39 2963107
17.40 2958665
17.41 2953905
17.42 2954725
17.43 2945198
17.44 2944397
17.45 2944681
17.46 2939040
17.47 2933362
17.48 2930706
17.49 2925403
17.50 2923685
17.51 2920304
17.52 2918340
17.53 2912205
17.54 2912571
17.55 2907092
17.56 2903724
17.57 2897937
17.58 2897029
17.59 2890651
17.60 2888146
17.61 2882230
17.62 2881905
17.63 2873306
17.64 2873305
17.65 2866327
17.66 2866052
17.67 2862966
17.68 2859366
17.69 2856880
17.70 2852975
17.71 2846612
17.72 2843328
17.73 2838633
17.74 2835164
17.75 2831280
17.76 2830112
17.77 2825578
17.78 2823468
17.79 2817299
17.80 2815767
17.81 2808222
17.82 2806962
17.83 2800776
17.84 2801490
17.85 2796616
17.86 2787245
17.87 2788366
17.88 2781229
17.89 2776814
17.90 2779707
17.91 2770872
17.92 2766842
17.93 2761445
17.94 2760375
17.95 2755437
17.96 2749707
17.97 2749233
17.98 2742630
17.99 2743230
18.00 2735511
18.01 2731465
18.02 2727330
18.03 2725031
18.04 2722186
18.05 2714169
18.06 2713644
18.07 2709136
18.08 2701386
18.09 2700948
18.10 2699436
18.11 2692848
18.12 2689761
18.13 2682526
18.14 2680241
18.15 2677437
18.16 2671571
18.17 2672146
18.18 2664567
18.19 2660149
18.20 2654974
18.21 2651190
18.22 2648982
18.23 2645638
18.24 2641150
18.25 2634576
18.26 2631402
18.27 2627199
18.28 2626966
18.29 2617527
18.30 2614301
18.31 2610910
18.32 2608160
18.33 2600353
18.34 2595930
18.35 2592864
18.36 2584575
18.37 2585368
18.38 2583016
18.39 2574061
18.40 2573687
18.41 2566341
18.42 2562487
18.43 2562187
18.44 2556010
18.45 2552740
18.46 2547535
18.47 2542488
18.48 2535222
18.49 2531962
18.50 2527838
18.51 2527763
18.52 2519063
18.53 2512803
18.54 2512106
18.55 2505507
18.56 2501265
18.57 2497433
18.58 2493780
18.59 2485483
18.60 2487374
18.61 2482844
18.62 2473822
18.63 2473908
18.64 2468124
18.65 2461378
18.66 2457902
18.67 2454170
18.68 2448751
18.69 2442986
18.70 2440200
18.71 2436677
18.72 2428543
18.73 2425851
18.74 2421781
18.75 2419450
18.76 2414748
18.77 2406328
18.78 2404346
18.79 2396619
18.80 2395810
18.81 2387756
18.82 2386444
18.83 2380347
18.84 2377780
18.85 2371660
18.86 2362967
18.87 2363810
18.88 2359795
18.89 2353286
18.90 2347426
18.91 2342559
18.92 2340662
18.93 2334482
18.94 2330665
18.95 2324679
18.96 2318684
18.97 2312225
18.98 2313750
18.99 2304274
19.00 2299548
19.01 2296745
19.02 2295767
19.03 2285991
19.04 2281453
19.05 2279766
19.06 2273876
19.07 2267992
19.08 2260330
19.09 2256470
19.10 2249635
19.11 2248902
19.12 2243215
19.13 2240030
19.14 2232811
19.15 2228428
19.16 2225561
19.17 2221215
19.18 2216625
19.19 2210858
19.20 2206064
19.21 2199983
19.22 2195386
19.23 2189100
19.24 2184130
19.25 2178985
19.26 2177834
19.27 2169187
19.28 2165092
19.29 2158114
19.30 2156295
19.31 2150591
19.32 2147298
19.33 2138418
19.34 2133246
19.35 2129973
19.36 2124391
19.37 2119325
19.38 2113387
19.39 2110361
19.40 2102651
19.41 2098648
19.42 2095330
19.43 2087434
19.44 2084959
19.45 2080080
19.46 2074956
19.47 2069682
19.48 2063007
19.49 2059054
19.50 2053180
19.51 2046413
19.52 2042672
19.53 2037579
19.54 2032751
19.55 2026170
19.56 2018665
19.57 2018215
19.58 2013013
19.59 2005639
19.60 2001463
19.61 1996327
19.62 1990073
19.63 1986393
19.64 1982601
19.65 1974502
19.66 1971171
19.67 1963298
19.68 1958587
19.69 1955331
19.70 1948742
19.71 1943765
19.72 1935160
19.73 1933450
19.74 1930152
19.75 1922311
19.76 1917207
19.77 1911905
19.78 1902860
19.79 1899027
19.80 1897255
19.81 1890893
19.82 1885357
19.83 1877934
19.84 1875164
19.85 1867624
19.86 1863341
19.87 1859564
19.88 1851576
19.89 1847184
19.90 1840075
19.91 1836624
19.92 1827033
19.93 1827186
19.94 1821391
19.95 1814093
19.96 1807832
19.97 1802591
19.98 1796023
19.99 1792655
20.00 1784766
20.01 1781934
20.02 1774644
20.03 1768157
20.04 1767460
20.05 1758809
20.06 1754020
20.07 1749880
20.08 1741422
20.09 1736371
20.10 1732617
20.11 1727840
20.12 1721192
20.13 1716545
20.14 1709703
20.15 1703702
20.16 1699157
20.17 1693365
20.18 1689924
20.19 1684735
20.20 1679029
20.21 1672091
20.22 1666710
20.23 1663480
20.24 1659749
20.25 1653500
20.26 1646654
20.27 1642526
20.28 1637863
20.29 1633894
20.30 1627147
20.31 1621555
20.32 1615689
20.33 1612731
20.34 1606072
20.35 1601801
20.36 1594819
20.37 1592388
20.38 1584355
20.39 1581183
20.40 1575433
20.41 1569491
20.42 1565312
20.43 1559579
20.44 1556643
20.45 1553700
20.46 1547490
20.47 1541874
20.48 1537011
20.49 1531890
20.50 1528123
20.51 1519695
20.52 1518172
20.53 1512359
20.54 1506594
20.55 1501109
20.56 1495207
20.57 1495221
20.58 1486823
20.59 1483827
20.60 1479034
20.61 1472977
20.62 1468277
20.63 1466114
20.64 1460141
20.65 1452469
20.66 1449576
20.67 1442017
20.68 1441935
20.69 1435645
20.70 1432295
20.71 1424226
20.72 1425611
20.73 1417159
20.74 1414482
20.75 1407553
20.76 1402804
20.77 1400095
20.78 1393965
20.79 1387835
20.80 1387099
20.81 1379711
20.82 1372080
20.83 1371559
20.84 1367055
20.85 1363286
20.86 1357866
20.87 1351980
20.88 1350134
20.89 1344153
20.90 1340182
20.91 1334858
20.92 1329257
20.93 1327366
20.94 1322841
20.95 1317872
20.96 1310048
20.97 1308999
20.98 1304528
20.99 1299576
21.00 1297376
21.01 1289602
21.02 1288333
21.03 1283483
21.04 1276908
21.05 1274617
21.06 1270530
21.07 1263049
21.08 1260918
21.09 1258158
21.10 1254020
21.11 1249824
21.12 1243848
21.13 1241412
21.14 1236256
21.15 1230254
21.16 1228536
21.17 1223523
21.18 1218713
21.19 1215625
21.20 1209807
21.21 1207771
21.22 1200538
21.23 1197370
21.24 1193768
21.25 1189286
21.26 1187025
21.27 1182477
21.28 1177914
21.29 1173992
21.30 1167750
21.31 1166893
21.32 1161271
21.33 1157363
21.34 1151901
21.35 1150969
21.36 1142935
21.37 1141085
21.38 1137528
21.39 1132044
21.40 1129139
21.41 1126637
21.42 1122684
21.43 1118390
21.44 1114835
21.45 1109283
21.46 1106443
21.47 1101357
21.48 1096523
21.49 1094238
21.50 1090196
21.51 1085770
21.52 1082891
21.53 1078663
21.54 1072704
21.55 1070695
21.56 1066601
21.57 1062755
21.58 1058120
21.59 1055324
21.60 1050562
21.61 1047424
21.62 1043831
21.63 1040386
21.64 1037270
21.65 1032900
21.66 1029387
21.67 1024575
21.68 1020575
21.69 1017511
21.70 1013705
21.71 1011666
21.72 1006648
21.73 1004764
21.74 1001104
21.75 996281
21.76 992122
21.77 988929
21.78 985580
21.79 983733
21.80 978770
21.81 973575
21.82 970380
21.83 968967
21.84 963027
21.85 960830
21.86 956044
21.87 952186
21.88 949381
21.89 946871
21.90 942558
21.91 939393
21.92 935239
21.93 932221
21.94 928086
21.95 923652
21.96 922352
21.97 917651
21.98 913272
21.99 909910
22.00 908268
22.01 904683
22.02 901855
22.03 898433
22.04 893156
22.05 889711
22.06 887950
22.07 883868
22.08 881274
22.09 876998
22.10 873888
22.11 871409
22.12 867161
22.13 863037
22.14 862343
22.15 857500
22.16 855135
22.17 851447
22.18 847972
22.19 844202
22.20 838993
22.21 836784
22.22 833673
22.23 832998
22.24 826755
22.25 824427
22.26 820029
22.27 817556
22.28 816157
22.29 811955
22.30 807539
22.31 808108
22.32 801613
22.33 799686
22.34 795536
22.35 793508
22.36 788131
22.37 786191
22.38 783711
22.39 779132
22.40 777158
22.41 773043
22.42 771760
22.43 768823
22.44 765991
22.45 762291
22.46 759707
22.47 755454
22.48 753149
22.49 750361
22.50 747197
22.51 743281
22.52 740712
22.53 739362
22.54 736170
22.55 732065
22.56 728500
22.57 725914
22.58 722564
22.59 720686
22.60 717109
22.61 714622
22.62 710137
22.63 708386
22.64 705911
22.65 702862
22.66 700395
22.67 697861
22.68 693718
22.69 691834
22.70 689591
22.71 686746
22.72 682885
22.73 681475
22.74 676650
22.75 674379
22.76 670936
22.77 668890
22.78 665365
22.79 664970
22.80 660849
22.81 658438
22.82 654411
22.83 651201
22.84 650329
22.85 647112
22.86 642027
22.87 642060
22.88 639072
22.89 635650
22.90 632638
22.91 630096
22.92 625558
22.93 622952
22.94 622420
22.95 620153
22.96 616766
22.97 614836
22.98 611790
22.99 609969
23.00 606971
23.01 605241
23.02 602509
23.03 598714
23.04 596102
23.05 592657
23.06 589891
23.07 586179
23.08 585171
23.09 582938
23.10 579935
23.11 579133
23.12 575576
23.13 573864
23.14 570975
23.15 568244
23.16 565379
23.17 562927
23.18 561385
23.19 558026
23.20 555736
23.21 553865
23.22 550934
23.23 548584
23.24 546200
23.25 544758
23.26 541648
23.27 538956
23.28 536495
23.29 534577
23.30 531349
23.31 529473
23.32 525781
23.33 523775
23.34 521779
23.35 519290
23.36 518324
23.37 514882
23.38 513212
23.39 510466
23.40 508521
23.41 505450
23.42 503163
23.43 500627
23.44 498326
23.45 496683
23.46 494219
23.47 493125
23.48 490104
23.49 487777
23.50 483767
23.51 481901
23.52 481438
23.53 479406
23.54 476716
23.55 474181
23.56 472304
23.57 468778
23.58 467991
23.59 465385
23.60 463309
23.61 461989
23.62 459039
23.63 456228
23.64 455333
23.65 451823
23.66 451108
23.67 448729
23.68 446627
23.69 443534
23.70 441944
23.71 437736
23.72 437306
23.73 435285
23.74 434118
23.75 431676
23.76 429829
23.77 426219
23.78 424950
23.79 423213
23.80 420424
23.81 418986
23.82 417283
23.83 415219
23.84 413005
23.85 410977
23.86 408726
23.87 407129
23.88 404867
23.89 402185
23.90 400189
23.91 397967
23.92 396579
23.93 395572
23.94 394135
23.95 392112
23.96 390419
23.97 386536
23.98 385336
23.99 383410
24.00 381356
24.01 379814
24.02 377578
24.03 377277
24.04 374812
24.05 371176
24.06 369874
24.07 368595
24.08 366460
24.09 364509
24.10 363636
24.11 360586
24.12 358395
24.13 357595
24.14 355551
24.15 354550
24.16 352521
24.17 349922
24.18 348636
24.19 347021
24.20 344869
24.21 342754
24.22 341725
24.23 339840
24.24 337694
24.25 335824
24.26 335730
24.27 332722
24.28 330291
24.29 329377
24.30 327365
24.31 325828
24.32 323926
24.33 322593
24.34 320385
24.35 318862
24.36 317646
24.37 315387
24.38 313776
24.39 312765
24.40 310531
24.41 309710
24.42 307067
24.43 305526
24.44 303500
24.45 303018
24.46 300540
24.47 298446
24.48 297366
24.49 296605
24.50 295040
24.51 293614
24.52 291433
24.53 290803
24.54 288062
24.55 286514
24.56 285807
24.57 282803
24.58 282084
24.59 280132
24.60 278647
24.61 278034
24.62 276332
24.63 274456
24.64 271740
24.65 271658
24.66 269661
24.67 269095
24.68 266705
24.69 265936
24.70 263700
24.71 262960
24.72 260955
24.73 259535
24.74 258110
24.75 256843
24.76 255456
24.77 253805
24.78 252029
24.79 250989
24.80 249157
24.81 248020
24.82 246974
24.83 245625
24.84 244011
24.85 242914
24.86 241104
24.87 239865
24.88 238228
24.89 237188
24.90 235409
24.91 234995
24.92 232223
24.93 231823
24.94 230911
24.95 228824
24.96 228262
24.97 227178
24.98 224753
24.99 223156
25.00 222666
25.01 221340
25.02 219994
25.03 218714
25.04 216662
25.05 216282
25.06 214536
25.07 212636
25.08 211568
25.09 211230
25.10 210478
25.11 208157
25.12 207427
25.13 205115
25.14 206354
25.15 203253
25.16 202481
25.17 200528
25.18 199938
25.19 199465
25.20 197477
25.21 195863
25.22 195775
25.23 194196
25.24 193194
25.25 191431
25.26 191542
25.27 189992
25.28 188332
25.29 186903
25.30 185129
25.31 185129
25.32 183640
25.33 182335
25.34 180898
25.35 179836
25.36 179202
25.37 177241
25.38 176971
25.39 175686
25.40 175203
25.41 173374
25.42 171887
25.43 170745
25.44 170326
25.45 170103
25.46 168649
25.47 167667
25.48 166291
25.49 165949
25.50 164210
25.51 162635
25.52 162460
25.53 161473
25.54 160491
25.55 158719
25.56 158103
25.57 157210
25.58 156222
25.59 154863
25.60 154156
25.61 153410
25.62 152183
25.63 151102
25.64 150275
25.65 148799
25.66 148381
25.67 147303
25.68 146051
25.69 145194
25.70 144564
25.71 143653
25.72 142384
25.73 141851
25.74 140441
25.75 139730
25.76 138722
25.77 138020
25.78 136868
25.79 136234
25.80 134679
25.81 134406
25.82 133330
25.83 132624
25.84 131133
25.85 130038
25.86 129426
25.87 129249
25.88 128306
25.89 127551
25.90 126506
25.91 125305
25.92 124477
25.93 124096
25.94 122916
25.95 122391
25.96 121242
25.97 121075
25.98 120315
25.99 119193
26.00 118675
26.01 117378
26.02 116103
26.03 115752
26.04 114036
26.05 114344
26.06 112755
26.07 112471
26.08 111499
26.09 110725
26.10 110351
26.11 109877
26.12 108686
26.13 107902
26.14 107061
26.15 106370
26.16 105207
26.17 104414
26.18 104042
26.19 103463
26.20 102641
26.21 102091
26.22 101721
26.23 100673
26.24 99810
26.25 98947
26.26 98131
26.27 97972
26.28 96495
26.29 95972
26.30 95319
26.31 94939
26.32 94343
26.33 92901
26.34 93029
26.35 92053
26.36 91767
26.37 90399
26.38 90289
26.39 90357
26.40 89211
26.41 88013
26.42 87547
26.43 86973
26.44 86515
26.45 85530
26.46 84523
26.47 84739
26.48 83930
26.49 83493
26.50 82383
26.51 81800
26.52 81057
26.53 80454
26.54 80227
26.55 79744
26.56 79055
26.57 78246
26.58 77689
26.59 77174
26.60 76251
26.61 75954
26.62 75663
26.63 75071
26.64 73930
26.65 73337
26.66 73431
26.67 72463
26.68 72440
26.69 71721
26.70 70634
26.71 70166
26.72 70056
26.73 69469
26.74 68401
26.75 68338
26.76 67853
26.77 67031
26.78 66258
26.79 65737
26.80 65446
26.81 65089
26.82 64619
26.83 64316
26.84 63114
26.85 63270
26.86 62400
26.87 62487
26.88 61605
26.89 61811
26.90 60662
26.91 60074
26.92 59952
26.93 59307
26.94 58554
26.95 58202
26.96 58134
26.97 57147
26.98 56641
26.99 56441
27.00 55966
27.01 55492
27.02 55533
27.03 54610
27.04 54399
27.05 53810
27.06 53217
27.07 53018
27.08 52476
27.09 51912
27.10 52027
27.11 51401
27.12 51113
27.13 50397
27.14 50379
27.15 49840
27.16 49402
27.17 48869
27.18 48741
27.19 48188
27.20 47800
27.21 47386
27.22 47094
27.23 46628
27.24 46135
27.25 46002
27.26 45801
27.27 45330
27.28 45208
27.29 44459
27.30 43965
27.31 43118
27.32 43081
27.33 42778
27.34 42496
27.35 42172
27.36 42017
27.37 41199
27.38 41490
27.39 41212
27.40 40138
27.41 40441
27.42 39884
27.43 39643
27.44 39034
27.45 38592
27.46 38657
27.47 38418
27.48 37888
27.49 37500
27.50 37433
27.51 36969
27.52 36481
27.53 36776
27.54 36021
27.55 35451
27.56 35187
27.57 35018
27.58 34934
27.59 34406
27.60 34270
27.61 33787
27.62 33550
27.63 33098
27.64 32903
27.65 32993
27.66 32522
27.67 32352
27.68 31683
27.69 31609
27.70 31629
27.71 31211
27.72 30985
27.73 30729
27.74 30275
27.75 30126
27.76 29878
27.77 29475
27.78 29624
27.79 28821
27.80 28937
27.81 28418
27.82 28260
27.83 28003
27.84 27676
27.85 27533
27.86 27275
27.87 27590
27.88 27338
27.89 26777
27.90 26289
27.91 26214
27.92 25738
27.93 25467
27.94 25467
27.95 25497
27.96 24873
27.97 24826
27.98 24433
27.99 24536
28.00 24023
28.01 23970
28.02 23731
28.03 24018
28.04 23373
28.05 23437
28.06 23157
28.07 22735
28.08 22811
28.09 22204
28.10 22437
28.11 22162
28.12 21689
28.13 21738
28.14 21177
28.15 21127
28.16 21022
28.17 20758
28.18 20675
28.19 20625
28.20 20058
28.21 20202
28.22 19764
28.23 19753
28.24 19544
28.25 19345
28.26 19296
28.27 19223
28.28 19140
28.29 18908
28.30 18284
28.31 18524
28.32 18059
28.33 18087
28.34 17838
28.35 17589
28.36 17586
28.37 17366
28.38 17258
28.39 17256
28.40 17217
28.41 16807
28.42 16790
28.43 16618
28.44 16390
28.45 16252
28.46 16313
28.47 16280
28.48 15808
28.49 15622
28.50 15529
28.51 15430
28.52 15211
28.53 15259
28.54 15141
28.55 14919
28.56 14766
28.57 14499
28.58 14324
28.59 14397
28.60 14312
28.61 14048
28.62 13789
28.63 13724
28.64 13497
28.65 13523
28.66 13223
28.67 13069
28.68 13062
28.69 12940
28.70 12950
28.71 12875
28.72 12595
28.73 12536
28.74 12429
28.75 12305
28.76 12096
28.77 12028
28.78 11905
28.79 11855
28.80 11950
28.81 11564
28.82 11661
28.83 11302
28.84 11286
28.85 11208
28.86 11123
28.87 10980
28.88 10929
28.89 10801
28.90 10711
28.91 10550
28.92 10625
28.93 10293
28.94 10202
28.95 10148
28.96 10074
28.97 10032
28.98 9867
28.99 9784
29.00 9709
29.01 9411
29.02 9397
29.03 9347
29.04 9309
29.05 9183
29.06 9181
29.07 9070
29.08 8994
29.09 8975
29.10 8726
29.11 8842
29.12 8567
29.13 8383
29.14 8339
29.15 8480
29.16 8392
29.17 8121
29.18 8115
29.19 8032
29.20 7946
29.21 7704
29.22 7762
29.23 7559
29.24 7678
29.25 7596
29.26 7393
29.27 7670
29.28 7256
29.29 7273
29.30 7093
29.31 7076
29.32 7155
29.33 6950
29.34 6832
29.35 6875
29.36 6722
29.37 6682
29.38 6758
29.39 6628
29.40 6420
29.41 6384
29.42 6460
29.43 6356
29.44 6246
29.45 6021
29.46 6099
29.47 6041
29.48 5971
29.49 5802
29.50 5875
29.51 5786
29.52 5561
29.53 5662
29.54 5600
29.55 5554
29.56 5521
29.57 5368
29.58 5225
29.59 5304
29.60 5276
29.61 5301
29.62 5219
29.63 5014
29.64 5016
29.65 4901
29.66 4847
29.67 4853
29.68 4869
29.69 4640
29.70 4631
29.71 4562
29.72 4457
29.73 4488
29.74 4508
29.75 4462
29.76 4389
29.77 4405
29.78 4236
29.79 4409
29.80 4190
29.81 4165
29.82 4082
29.83 4015
29.84 4021
29.85 3901
29.86 3997
29.87 3939
29.88 3778
29.89 3768
29.90 3846
29.91 3786
29.92 3689
29.93 3652
29.94 3661
29.95 3615
29.96 3559
29.97 3394
29.98 3456
29.99 3320
30.00 3342
30.01 3381
30.02 3233
30.03 3228
30.04 3192
30.05 3063
30.06 2998
30.07 3089
30.08 3014
30.09 2979
30.10 3000
30.11 2893
30.12 2841
30.13 2865
30.14 2775
30.15 2792
30.16 2693
30.17 2797
30.18 2728
30.19 2660
30.20 2783
30.21 2652
30.22 2536
30.23 2475
30.24 2545
30.25 2541
30.26 2464
30.27 2454
30.28 2414
30.29 2311
30.30 2273
30.31 2270
30.32 2279
30.33 2190
30.34 2286
30.35 2204
30.36 2127
30.37 2197
30.38 2053
30.39 2113
30.40 2082
30.41 1988
30.42 2041
30.43 2004
30.44 1969
30.45 1932
30.46 1898
30.47 1766
30.48 1823
30.49 1852
30.50 1786
30.51 1803
30.52 1754
30.53 1764
30.54 1679
30.55 1639
30.56 1648
30.57 1557
30.58 1574
30.59 1587
30.60 1568
30.61 1517
30.62 1538
30.63 1474
30.64 1462
30.65 1575
30.66 1442
30.67 1480
30.68 1370
30.69 1430
30.70 1374
30.71 1379
30.72 1357
30.73 1322
30.74 1293
30.75 1257
30.76 1251
30.77 1197
30.78 1272
30.79 1242
30.80 1186
30.81 1183
30.82 1165
30.83 1150
30.84 1113
30.85 1164
30.86 1058
30.87 1076
30.88 1040
30.89 1009
30.90 979
30.91 1061
30.92 1017
30.93 1001
30.94 928
30.95 982
30.96 942
30.97 968
30.98 893
30.99 887
31.00 876
31.01 875
31.02 904
31.03 854
31.04 777
31.05 876
31.06 764
31.07 779
31.08 839
31.09 827
31.10 798
31.11 774
31.12 752
31.13 731
31.14 749
31.15 710
31.16 743
31.17 702
31.18 707
31.19 665
31.20 668
31.21 648
31.22 698
31.23 649
31.24 587
31.25 644
31.26 593
31.27 607
31.28 589
31.29 541
31.30 544
31.31 517
31.32 540
31.33 538
31.34 536
31.35 587
31.36 523
31.37 521
31.38 504
31.39 471
31.40 442
31.41 444
31.42 471
31.43 450
31.44 454
31.45 441
31.46 405
31.47 437
31.48 420
31.49 429
31.50 433
31.51 423
31.52 397
31.53 419
31.54 384
31.55 357
31.56 339
31.57 369
31.58 389
31.59 371
31.60 310
31.61 366
31.62 309
31.63 306
31.64 298
31.65 295
31.66 301
31.67 310
31.68 299
31.69 284
31.70 310
31.71 271
31.72 261
31.73 268
31.74 254
31.75 259
31.76 207
31.77 231
31.78 236
31.79 234
31.80 217
31.81 220
31.82 235
31.83 248
31.84 201
31.85 186
31.86 227
31.87 222
31.88 176
31.89 218
31.90 207
31.91 184
31.92 208
31.93 158
31.94 181
31.95 211
31.96 175
31.97 168
31.98 161
31.99 139
32.00 171
32.01 159
32.02 165
32.03 160
32.04 145
32.05 140
32.06 145
32.07 128
32.08 116
32.09 116
32.10 113
32.11 121
32.12 128
32.13 115
32.14 110
32.15 103
32.16 109
32.17 94
32.18 96
32.19 90
32.20 80
32.21 99
32.22 88
32.23 74
32.24 80
32.25 99
32.26 74
32.27 101
32.28 82
32.29 72
32.30 68
32.31 79
32.32 72
32.33 65
32.34 73
32.35 72
32.36 75
32.37 60
32.38 71
32.39 64
32.40 64
32.41 65
32.42 52
32.43 65
32.44 68
32.45 62
32.46 59
32.47 51
32.48 56
32.49 64
32.50 41
32.51 46
32.52 44
32.53 52
32.54 47
32.55 46
32.56 49
32.57 36
32.58 51
32.59 50
32.60 43
32.61 34
32.62 35
32.63 40
32.64 38
32.65 25
32.66 25
32.67 36
32.68 35
32.69 39
32.70 36
32.71 27
32.72 27
32.73 31
32.74 29
32.75 32
32.76 28
32.77 25
32.78 28
32.79 19
32.80 20
32.81 25
32.82 19
32.83 18
32.84 14
32.85 19
32.86 24
32.87 17
32.88 15
32.89 20
32.90 11
32.91 19
32.92 17
32.93 16
32.94 12
32.95 12
32.96 10
32.97 19
32.98 15
32.99 13
33.00 7
33.01 13
33.02 10
33.03 11
33.04 5
33.05 12
33.06 11
33.07 9
33.08 7
33.09 4
33.10 7
33.11 12
33.12 3
33.13 4
33.14 7
33.15 11
33.16 11
33.17 9
33.18 5
33.19 8
33.20 7
33.21 4
33.22 12
33.23 4
33.24 5
33.25 6
33.26 2
33.27 5
33.28 3
33.29 3
33.30 3
33.31 3
33.32 7
33.33 7
33.34 5
33.35 8
33.36 2
33.37 2
33.39 7
33.40 1
33.41 2
33.42 2
33.43 1
33.44 1
33.45 5
33.48 5
33.50 2
33.51 1
33.52 3
33.54 2
33.57 1
33.58 1
33.61 2
33.62 2
33.63 1
33.64 3
33.65 2
33.66 1
33.67 2
33.68 2
33.69 2
33.78 1
33.81 1
33.83 1
33.87 1
33.92 1
34.15 1
